0.448635391 0.732064018352
0.477519498 0.703604193028
0.495862791 0.681596667995
0.55262501 0.644342247611
0.596315762 0.644342247611
0.631960273 0.644342247611
0.674184679 0.634468294906
0.715231774 0.634468294906
0.757566508 0.634468294906
0.779103149 0.634468294906
0.797051163 0.634468294906
0.836024584 0.634468294906
0.87462978 0.634468294906
0.917555517 0.634468294906
0.959778289 0.634468294906
0.994206567 0.634468294906
1.042445394 0.634468294906
1.057254548 0.634468294906
1.115442331 0.634468294906
1.15634414 0.634468294906
1.214295867 0.634468294906
1.273255294 0.634468294906
1.313721588 0.634468294906
1.355931862 0.634468294906
1.371620559 0.634468294906
1.433232878 0.634468294906
1.478285806 0.634468294906
1.49305029 0.634468294906
1.554326826 0.634468294906
1.596393732 0.634468294906
1.633358895 0.634468294906
1.644766989 0.634468294906
1.712477017 0.634468294906
1.758627887 0.634468294906
1.770093947 0.634468294906
1.791686039 0.634468294906
1.834681275 0.633589682197
1.8450037 0.630935723249
1.874952859 0.606525627791
1.932964181 0.593148245887
1.9868164 0.572728348367
2.012296182 0.572728348367
2.050391653 0.572728348367
2.077739992 0.638878442676
2.092291781 0.676675994373
2.123111893 0.665360615537
2.156223069 0.646357936445
2.196502574 0.650550851117
2.221648641 0.654879472508
2.232424214 0.652248020755
2.278200223 0.625458632043
2.300555583 0.620784537257
2.335128967 0.602088822775
2.391321589 0.601328750671
2.434452162 0.601328750671
2.476445616 0.601328750671
2.632815736 0.599356988566
2.794675819 0.599356988566
2.808870064 0.599356988566
2.9558584 0.599356988566
2.97395964 0.599356988566
3.039133631 0.599356988566
3.079854617 0.599356988566
3.117360419 0.599356988566
3.156613887 0.599356988566
3.192332069 0.599356988566
3.255528578 0.599356988566
3.318898036 0.599356988566
3.32998747 0.599356988566
3.37162931 0.599356988566
3.394479086 0.599356988566
3.437423014 0.566053646526
3.459853975 0.566053646526
3.480015433 0.563569388803
3.493786298 0.563569388803
3.56030758 0.563569388803
3.616563532 0.563569388803
3.652970593 0.563569388803
3.684337712 0.563569388803
3.713941516 0.563569388803
3.758724267 0.669579654965
3.77568981 0.647031299689
3.796092678 0.645670546689
3.841628271 0.618650882263
3.853608077 0.618650882263
3.990815856 0.598245788664
4.034123976 0.598245788664
4.058710004 0.598245788664
4.117801028 0.598245788664
4.159533213 0.598245788664
4.178189147 0.598245788664
4.218226825 0.598245788664
4.221404242 0.588646575446
4.274686262 0.588646575446
4.314341606 0.588646575446
4.373544662 0.568074489335
4.438466625 0.568074489335
4.452111542 0.568074489335
4.471602303 0.568074489335
4.489678089 0.568074489335
4.508966321 0.568074489335
4.532749061 0.568074489335
4.571331283 0.568074489335
4.594626212 0.568074489335
4.62992025 0.568074489335
4.647069696 0.568074489335
4.713392422 0.560625992012
4.75560305 0.560625992012
4.769313717 0.560625992012
4.83480268 0.560625992012
4.882432098 0.560625992012
4.930988384 0.560625992012
4.996182948 0.560625992012
5.010544403 0.560625992012
5.046026921 0.560625992012
5.075016973 0.560625992012
5.111702023 0.560625992012
5.155988845 0.560625992012
5.166923787 0.560625992012
5.218995493 0.55854564876
5.234809802 0.55854564876
5.274469097 0.55854564876
5.309877389 0.55854564876
5.364059652 0.55854564876
5.370550427 0.55854564876
5.437629725 0.55854564876
5.475999917 0.55854564876
5.490783939 0.55854564876
5.512393602 0.55854564876
5.555858966 0.55854564876
5.571050339 0.55854564876
5.595742553 0.55854564876
5.637458798 0.55854564876
5.649991296 0.55854564876
5.677080261 0.55854564876
5.713374601 0.55854564876
5.72670409 0.55854564876
5.750606578 0.55854564876
5.796594483 0.55854564876
5.810680334 0.558488208401
5.836868959 0.534831161733
5.877291902 0.534831161733
5.888193905 0.534831161733
5.932689214 0.534831161733
5.950384324 0.534831161733
5.998218267 0.534831161733
6.01220272 0.534831161733
6.039240464 0.534831161733
6.077560715 0.534831161733
6.084727519 0.534831161733
6.12523278 0.534831161733
6.154233075 0.534831161733
6.166975567 0.534831161733
6.20985354 0.534831161733
6.218669348 0.534831161733
6.271843448 0.533446072795
6.285679264 0.533446072795
6.317337249 0.533446072795
6.341636652 0.533446072795
6.355858214 0.533446072795
6.372006965 0.533446072795
6.558811152 0.5070862147
6.563820239 0.495757719202
6.597255872 0.484921811122
6.60809153 0.496736040257
6.633851411 0.49991188232
6.653201802 0.495392374745
6.714506193 0.513176691832
6.776870965 0.522439388636
6.788538056 0.567087522428
6.812197776 0.567702234633
6.848924298 0.568254484807
6.910655536 0.576989286296
6.934373815 0.642915053968
6.970581444 0.567708755824
6.997948587 0.586919606742
7.048841825 0.576989286296
7.090590845 0.606951493964
7.111592876 0.553317120696
7.128616431 0.586912047143
7.139921329 0.556281361814
7.175723112 0.561008149972
7.380467932 0.4927654279
7.399758587 0.505754052602
7.408815824 0.498227682318
7.423172189 0.492094590762
7.438338496 0.498447219138
7.459428999 0.491539489708
7.471356328 0.49566744139
7.48985597 0.509001986176
7.499554092 0.515418255269
7.512710435 0.515414229544
7.524421482 0.492762316658
7.534495823 0.489925181821
7.551319952 0.49158240936
7.574169383 0.493067781283
7.762954094 0.485054457777
7.904834188 0.485054457777
7.954342373 0.485054457777
7.977959812 0.485054457777
8.120934402 0.485054457777
8.156047276 0.485054457777
8.166534881 0.485054457777
8.340034399 0.485054457777
8.399088707 0.485054457777
8.437362743 0.485054457777
8.449192191 0.485054457777
8.487884732 0.485054457777
8.519144375 0.485054457777
8.553952186 0.485054457777
8.564381518 0.485054457777
8.593906916 0.485054457777
8.62408113 0.485054457777
8.639561542 0.485054457777
8.676327987 0.485054457777
8.68670349 0.485054457777
8.715326286 0.485054457777
8.773205691 0.485054457777
8.834700911 0.485054457777
8.844447574 0.485054457777
8.873124435 0.485054457777
8.888846859 0.485054457777
8.914179058 0.485054457777
8.92567292 0.485054457777
8.951804224 0.485054457777
8.998839951 0.485054457777
9.041260635 0.485054457777
9.082610708 0.485054457777
9.104360877 0.485054457777
9.137026097 0.485054457777
9.183018156 0.485054457777
9.229524942 0.535710524107
9.27544751 0.584696458733
9.322313579 0.639517944388
9.3704646 0.646246884778
9.457387698 0.656465087255
9.488204843 0.707870180301
9.532447033 0.639155265579
9.595487532 0.632561921229
9.608900213 0.638873123565
9.634083027 0.614611084175
9.641595484 0.692809402627
9.709040701 0.632567044243
9.776326252 0.614354928428
9.813826407 0.738760923501
9.832888451 0.781380096548
9.869036751 0.733096502267
9.913469355 0.78509113278
9.950818739 0.703025694013
10.088665623 0.674803298118
10.285630243 0.860733995531
10.300463031 0.908601165229
10.438451536 0.860733995531
10.469989124 0.932073222279
10.577990163 0.962320374909
10.717117004 0.86242370786
10.738828797 0.802280210519
10.879003182 0.862411710615
10.922984917 0.92556287263
11.0166374 0.935261366855
11.078529358 0.86620002134
11.156431054 0.837766315378
11.190501539 0.80290595387
11.212320912 0.86618796658
11.351393041 0.773743516661
11.433801107 0.958650138764
11.513417809 0.978171035804
11.656538218 0.850787839439
11.791330855 0.808531196569
11.816681267 0.810670255326
11.849790005 0.75282644884
11.877410062 0.772994856004
12.016238925 0.650102112056
12.049647308 0.87355996323
12.090267167 0.920150588673
12.158219509 0.837144748476
12.217881654 0.805301956914
12.261494929 0.769039019476
12.294969618 0.774845490651
12.361735116 0.704743327158
12.398734691 0.769048605412
12.421193848 0.774835721495
12.446700177 0.702633470081
12.480256824 0.665891428275
12.506550114 0.672807212513
12.538519071 0.652311188064
12.56256676 0.642246521363
12.589429468 0.681188672058
12.62583792 0.618806023077
12.644978854 0.621151728251
12.677404614 0.602924854202
12.701702309 0.594032896881
12.728421269 0.596854610287
12.750488299 0.599290899353
12.791108936 0.604273385238
12.803925279 0.597379297136
12.823722412 0.587768949075
12.843916241 0.568333109847
12.868519617 0.561950216903
12.887167617 0.55864547961
12.912934861 0.573791517568
12.950280189 0.566860622367
12.978883317 0.565687410257
13.007988991 0.55186862129
13.05118172 0.531026692551
13.084932507 0.538350254058
13.100386689 0.588119324065
13.111576211 0.557366160185
13.129796392 0.564198419618
13.958581415 0.503877610697
13.996276595 0.503877610697
14.045622411 0.503877610697
14.102174088 0.503877610697
14.133151205 0.503877610697
14.17696729 0.503877610697
14.198588186 0.572173040183
14.243774523 0.572173040183
14.273384793 0.564106549781
14.29310983 0.558857519808
14.435733179 0.558857519808
14.450150089 0.558857519808
14.478392143 0.558857519808
14.520226681 0.558857519808
14.587797 0.750911815696
14.615763919 0.712326098019
14.727634702 0.689611325287
14.794663287 0.857688134009
14.863924757 0.854940543525
14.89166965 0.803001499214
14.924201491 0.801084708607
14.955775933 0.771338737412
15.009680452 0.754800020507
15.030084844 0.722306630964
15.065283072 0.705925813953
15.09743544 0.771338737412
15.203192411 0.851484487414
15.237701542 0.871657265589
15.346321607 0.799004693162
15.365984686 0.797541249191
15.40823373 0.811456612097
15.502400964 0.788583712149
15.546288922 0.733719541023
15.638464075 0.700962419743
15.660900433 0.737933769562
15.707036459 0.776183511077
15.782043099 0.774318243656
15.805732601 0.788126949669
15.848134317 0.775689909899
15.878590054 0.773809794838
15.916634643 0.79810248265
15.942263735 0.80692559592
15.987807059 0.806757212798
16.014618705 0.79500758096
16.057435752 0.780413086359
16.074604551 0.795101375067
16.097303602 0.797487819232
16.129627949 0.797450571536
16.157279156 0.795382917968
16.201730798 0.795618417963
16.210319506 0.796032124928
16.226165326 0.797487783393
16.252201982 0.791238324522
16.260808371 0.78985089539
16.303471591 0.78141793256
16.337026758 0.784629962898
16.365282537 0.783302422953
16.382716645 0.789816226575
16.404313316 0.788001674717
16.425217636 0.786108825224
16.446937454 0.765624704198
16.45760633 0.782041220195
16.478151245 0.717906614799
16.50884585 0.694193486679
16.525605105 0.752906075607
16.544026985 0.754453017448
16.590538694 0.753183307907
16.62325389 0.759627867358
16.657736068 0.748955335845
16.694726237 0.741015974903
16.754861317 0.730346760418
16.784737233 0.764183243706
16.919081814 0.758513545601
16.965090414 0.761104521295
17.068709633 0.76678037123
17.103237385 0.766283895721
17.131233782 0.766500911923
17.1447539 0.766964221044
17.173644506 0.767580549027
17.196616912 0.76712008233
17.278421397 0.765444846629
17.295689938 0.765444846629
17.331440565 0.765444846629
17.35734061 0.765444846629
17.391800427 0.765444846629
17.416372092 0.765444846629
17.437191026 0.765444846629
17.468141366 0.765444846629
17.616843392 0.765444846629
17.689977498 0.765444846629
17.716249549 0.700866544838
17.755634362 0.725262240541
17.778478917 0.691259541917
17.793092486 0.723464663379
17.828620966 0.742054579737
17.858087283 0.764309037532
17.893269098 0.753120176224
17.930810896 0.751879318762
18.036151452 0.764401370288
18.096614079 0.864703055556
18.177325953 0.893281176611
18.192060604 0.8774651755
18.226694413 0.874636273504
18.262393905 0.845110184701
18.320846754 0.831992202012
18.339426925 0.789808508381
18.363185662 0.797728341084
18.406364882 0.843512473563
18.422895725 0.831345285955
18.458920732 0.76782315369
18.481379509 0.764677743893
18.502129431 0.771974012726
18.54555253 0.75565759941
18.566413195 0.783974483318
18.647336018 0.794899644596
18.689882438 0.87805535543
18.706747259 0.877358282308
18.786479454 0.87012858547
18.827195836 0.872982553146
18.849851512 0.870895138508
18.873682585 0.821172496337
18.991180873 0.855969225421
19.023031279 0.888965094363
19.127348956 0.885305843397
19.149534679 0.830567923479
19.197917069 0.825264085107
19.29163067 0.848653090097
19.338323454 0.732368569415
19.436390285 0.693519792906
19.45114167 0.715804993239
19.494953204 0.742136714303
19.577375184 0.730859022924
19.602334252 0.724910353789
19.678525841 0.739901496904
19.71754547 0.737759401628
19.738827757 0.769721905649
19.778423216 0.762791381894
19.819782196 0.7667580321
19.856189676 0.737764033169
19.901532504 0.779050846248
19.924263678 0.775907800191
19.95409453 0.787324180397
19.994864002 0.762496293307
20.009335092 0.766886037624
20.023474161 0.793512064291
20.055352536 0.785116545567
20.063715557 0.794879673937
20.100342845 0.775116974798
20.132532449 0.775659825351
20.147950748 0.764917354652
20.168822598 0.764827526249
20.1971116 0.783177992548
20.206835381 0.785158271274
20.233776866 0.754094892931
20.248610993 0.775011635938
20.272220501 0.745928891369
20.288408551 0.733329909487
20.307821389 0.734612410732
20.339737169 0.751210001071
20.356636469 0.747317427909
20.379860355 0.745397642087
20.428960106 0.726536638748
20.500686771 0.744199626781
20.514223577 0.807956224799
20.537857484 0.813666517889
20.560060076 0.812232135344
20.590909557 0.815249546142
20.642771129 0.813824673564
20.657522114 0.804104815385
20.678504587 0.729890412323
20.727433817 0.699213392643
20.732401659 0.716419434822
20.784730594 0.768458500213
20.79688325 0.734101231281
20.818946876 0.736398157766
20.864836767 0.76728682703
20.936661724 0.791100441446
20.957030658 0.830342714109
20.983047363 0.830742772035
21.014183246 0.817546961278
21.116882611 0.839321781559
21.276309241 0.838621387569
21.292854089 0.838621387569
21.31441829 0.838853865487
21.340564724 0.706182621095
21.363369008 0.834076101454
21.429209307 0.833766662698
21.453654895 0.833766662698
21.471965152 0.829831201407
21.496385426 0.814167682362
21.529639587 0.807251365011
21.600214016 0.765363725763
21.664353328 0.711691217239
21.695680005 0.725782453015
21.746119685 0.773939058969
21.889922315 0.864244351828
22.02836762 0.880517168111
22.07115926 0.876231560539
22.17022586 0.861004121555
22.302295022 0.88040479915
22.439197452 0.871702760139
22.572553369 0.879425380623
22.635473541 0.873648290304
22.726240738 0.874617478112
22.777130009 0.844359734954
22.850444741 0.881457530909
22.945094648 0.829193372567
22.993688794 0.898122307716
23.087242701 0.890333572058
23.102489117 0.893307779877
23.23128041 0.857065849142
23.264402084 0.895624176018
23.305686366 0.813690607479
23.36620908 0.819009054618
23.405388966 0.847875999345
23.448392035 0.821458822275
23.483535806 0.715247164249
23.596688089 0.770137084046
23.625366765 0.771510871947
23.760662531 0.71670959322
23.782417695 0.736804840256
23.913147476 0.682780210195
23.946895409 0.676747190174
24.055711244 0.676270120986
24.089923393 0.621071969675
24.194640879 0.593959147413
24.240505805 0.621071969675
24.33452547 0.621071969675
24.394886697 0.624021021487
24.476063886 0.624021021487
24.616072554 0.624021021487
24.756966707 0.624021021487
24.92215148 0.582037046487
25.037179293 0.546597996853
25.082457991 0.532250833817
25.177356698 0.603218373092
25.239908057 0.56790904083
25.377971997 0.655053363975
25.51573924 0.655053363975
25.659438528 0.655053363975
25.928523658 0.655053363975
25.956981151 0.655053363975
26.096955697 0.600952244523
26.233742221 0.544812079719
26.375758701 0.873689007716
26.403154965 0.86267715707
26.444957014 0.877190970245
26.481596818 0.851541362212
26.528483043 0.847314101021
26.56786122 0.84034727063
26.601815268 0.815780601028
26.647528994 0.841964728031
26.74452978 0.902066909
26.786226348 0.89369956483
26.881113932 0.852591149357
26.905804241 0.89854992096
26.955063446 0.86277157183
27.021836986 0.819184386265
27.062829004 0.860813582455
27.096255074 0.815734387448
27.131613733 0.819940050509
27.238008087 0.815227314707
27.270799938 0.646662229203
27.379237804 0.626778311065
27.398902863 0.668256005607
27.446111782 0.694047776015
27.514092568 0.651746325412
27.547646981 0.693022864789
27.57195583 0.695558281771
27.605692183 0.728121441488
27.652467759 0.693062604565
27.684758954 0.728650532531
27.719439883 0.718526860178
27.795352287 0.695158820108
27.854620944 0.695158820108
27.951328863 0.695158820108
27.993462732 0.695158820108
28.04078284 0.695158820108
28.135418056 0.695158820108
28.190715991 0.695158820108
28.276490369 0.809588134778
28.311687842 0.796300708357
28.413762647 0.791121242147
28.512724247 0.791121242147
28.55082714 0.791121242147
28.692647952 0.791121242147
28.834789427 0.791121242147
28.909278254 0.791121242147
28.972563206 0.755670942451
29.078012204 0.744358638777
29.114288907 0.744358638777
29.192503701 0.833677098366
29.256589809 0.833410623794
29.356998809 0.835445234515
29.409254776 0.818768227934
29.550524881 0.791230568129
29.634054005 0.776182998701
29.689615162 0.776182998701
29.795821768 0.741628694984
29.823213825 0.741628694984
29.941231619 0.741628694984
29.975455331 0.741628694984
30.046828136 0.74199229649
30.11054346 0.820010631296
30.158573356 0.988279947682
30.211138936 0.966856047319
30.246062671 0.972870757921
30.29530947 0.998288289062
30.425336608 0.936451209364
30.434311832 0.936451209364
30.469797527 0.936451209364
30.511245545 0.941485632066
30.581120094 0.829084838474
30.610976756 0.825862003438
30.644926946 0.853006140169
30.699335194 0.83678652265
30.746395719 0.874257492994
30.797466025 0.923464134047
30.829729621 0.933372446944
30.872118734 0.902478754156
30.89714712 0.860317382566
30.938096175 0.8711063181
30.957954143 0.849609731928
30.992073416 0.906807262359
31.029664527 0.909549239482
31.054955514 0.89671612656
31.080589254 0.903063006722
31.117016411 0.901910092491
31.134472903 0.903220740058
31.139577389 0.903831508216
31.155533396 0.906075105259
31.189554734 0.914020553109
31.207847295 0.914020553109
31.228569781 0.914020553109
31.256295585 0.801755660517
31.283573181 0.801833713345
31.294435355 0.812284384885
31.331551527 0.819147069638
31.396606429 0.86171938569
31.436446486 0.908569715704
31.488535873 0.890582483496
31.591675203 0.823315774312
31.632811302 0.819098609895
31.679224666 0.837805540071
31.714885088 0.899646672092
31.776858965 0.92509157065
31.836585331 0.836592968597
31.849526391 0.836592968597
31.874144774 0.836592968597
31.917008044 0.796882923619
31.955982886 0.796882923619
31.993718491 0.797952340949
32.013930999 0.797952340949
32.034823091 0.818169232945
32.058256849 0.852984971451
32.074814186 0.852984971451
32.084487703 0.852984971451
32.097436987 0.852984971451
32.131586749 0.864888877951
32.204836779 0.904613132711
32.212801826 0.904613132711
32.234125292 0.880125303251
32.2771428 0.918296035819
32.289714882 0.918296035819
32.308954999 0.918296035819
32.324518097 0.794538850362
32.349075212 0.794538850362
32.371059253 0.794538850362
32.375871388 0.794538850362
32.39818425 0.757644329574
32.437791684 0.757644329574
32.477850541 0.77690068972
32.552771604 0.790857869644
32.655381208 0.752921149107
32.674631094 0.752921149107
32.688262017 0.78611529399
32.712654807 0.772310992093
32.794541738 0.800286731543
32.808736017 0.800286731543
32.8300884 0.772316451446
32.850305541 0.725699392339
32.956736785 0.761744254935
32.981432893 0.761744254935
33.116595321 0.820539764652
33.160181523 0.798081988643
33.17539885 0.798081988643
33.275536391 0.739265430489
33.303517545 0.739265430489
33.324796011 0.714216899843
33.327337042 0.714216899843
33.393577759 0.765937954968
33.432778683 0.836611170233
33.443995012 0.836611170233
33.460894727 0.836611170233
33.562332366 0.842076480464
33.593749676 0.861827467515
33.609678483 0.861827467515
33.623661414 0.861827467515
33.635807236 0.865062903067
33.657019867 0.865062903067
33.69256706 0.842076480464
33.711660536 0.842076480464
33.729487692 0.878057983524
33.748304985 0.878057983524
33.767278803 0.894306255679
33.791326933 0.894306255679
33.810623688 0.891717096642
33.841814954 0.883737641732
33.864372299 0.892061736818
33.900109301 0.892061736818
33.925245041 0.889934294142
33.945452799 0.889934294142
33.956430626 0.889934294142
33.988933238 0.889934294142
34.018722071 0.870259019205
34.031256001 0.870259019205
34.054067212 0.860477614315
34.082131852 0.860477614315
34.114446294 0.887189273469
34.134376878 0.887189273469
34.171470379 0.887189273469
34.207230492 0.870259019205
34.218097878 0.986158535279
34.245256673 0.9920361932
34.293766787 0.990507079974
34.345178975 0.975483189844
34.391759498 0.976811864274
34.429321429 0.978829564759
34.441048857 0.977920333547
34.468390906 0.965401146046
34.478502885 0.97283953883
34.500611072 0.926433143733
34.524341933 0.943609969783
34.558376176 0.904797207996
34.585030772 0.922242729319
34.61710979 0.93665756514
34.627743589 0.906549631556
34.809359131 0.722449345042
34.817297927 0.720757744596
34.854556014 0.701508312944
34.876889416 0.726447032857
34.889807828 0.746837073811
34.905555309 0.731638319516
34.929533256 0.743000429427
34.938417726 0.741773658795
34.955499391 0.782082939673
34.978162964 0.764135325041
35.004095973 0.753382282641
35.024213771 0.752307242622
35.035079626 0.771164666995
35.082629865 0.744756596593
35.118151865 0.748798171369
35.152931605 0.697874472062
35.200730948 0.701273706901
35.223545766 0.705651715067
35.23389664 0.706592844835
35.246565575 0.693387839792
35.271700308 0.695810122982
35.280178384 0.69429282745
35.328769865 0.680852504731
35.337223417 0.724078391181
35.358342748 0.710321652087
35.371548375 0.71684577708
35.411875915 0.732305660557
35.419708743 0.748965969157
35.44370559 0.732781631511
35.458503779 0.755458296018
35.46950124 0.749623996002
35.486093539 0.754346294498
35.502424523 0.762087637095
35.515757232 0.76654194492
35.526577886 0.751954118824
35.56399106 0.754907877643
35.575448038 0.729933199327
35.598261294 0.733763415406
35.607331585 0.735906975227
35.626644138 0.730632123656
35.634127999 0.702680732158
35.658064681 0.708444110948
35.665829293 0.730915988205
35.690856132 0.749611765149
35.720652481 0.727172780805
35.770717349 0.755688979413
35.791360821 0.715343976611
35.826386809 0.68099767667
35.856505755 0.713767370614
35.955112603 0.758637133587
36.037155868 0.846375509599
36.084249817 0.77914119071
36.105189768 0.805350837274
36.184332724 0.712257017948
36.240609762 0.77675277484
36.414894293 0.831564855535
36.598427908 0.817347940354
36.740653669 0.781172838866
37.366660233 0.945943220431
37.391326373 0.950893538502
37.406353989 0.950893538502
37.505193336 0.967284754561
37.535029193 0.959538380019
37.562241063 0.968502654703
37.713385842 0.982894799886
37.72840458 0.98955966176
37.76806193 0.987505079441
37.818985527 0.984665482946
37.868352783 0.977068319454
37.891183619 0.980653521223
37.915990314 0.978868907881
37.950010932 0.983633490679
37.970833785 0.983633490679
38.061830987 0.991608452803
38.085344379 0.992524594048
38.132988365 0.992524594048
38.203459996 0.895841046839
38.227069186 0.934985327777
38.258883156 0.935618020421
38.288006712 0.944867379269
38.320408682 0.943801805295
38.35213927 0.943065184106
38.3848302 0.940742944663
38.440003497 0.943601312575
38.485903862 0.941622949518
38.539091375 0.943229620048
38.599289856 0.929590739246
38.626301333 0.941622949518
38.651790298 0.952034913184
38.682303827 0.932689259378
38.699987093 0.944414650782
38.736415424 0.927520378455
38.770075425 0.948178315157
38.799772885 0.942841791205
38.811934068 0.939499397781
38.840780911 0.932686601641
38.876279283 0.908781706399
38.891217822 0.919735186143
38.911715769 0.891265508748
38.920765817 0.913378476085
38.943813257 0.887395603504
38.95883381 0.916552675987
38.969943646 0.890308900551
39.00727116 0.909921007739
39.1359884 0.858521375138
39.154563893 0.850715315163
39.175878637 0.836085547273
39.197621 0.820714222418
39.218346096 0.838578955103
39.236710975 0.863588412422
39.25480766 0.839020023538
39.261037529 0.634380805098
39.291551661 0.608524296615
39.306087819 0.636213142518
39.325026617 0.672645405908
39.3485851 0.660762336054
39.383094317 0.683375811412
39.404240071 0.69870838978
39.452449808 0.693170992673
39.55510901 0.737147561596
39.60257933 0.673074310527
39.696075623 0.68188133017
39.753255246 0.709791742287
39.768059855 0.74190678914
39.795826709 0.732815656922
39.832773181 0.720773192218
39.933787233 0.759729477575
39.976786929 0.756554518404
40.070948618 0.716030329568
40.090794539 0.716030329568
40.113433674 0.690173696189
40.130013535 0.690173696189
40.149569435 0.727200482863
40.153684817 0.727200482863
40.231057672 0.794640247401
40.253512401 0.794640247401
40.265418308 0.794777506352
40.296663944 0.790923896792
40.303681932 0.771835467936
40.325801298 0.771835467936
40.336261734 0.771835467936
40.346604149 0.785104235069
40.424163009 0.739508715374
40.4425224 0.739508715374
40.449688774 0.748378443606
40.490723195 0.739896269779
40.499016991 0.739896269779
40.52030789 0.739896269779
40.545571935 0.74427362382
40.588243278 0.75010561362
40.608620182 0.796636368408
40.629678427 0.796636368408
40.646865039 0.796636368408
40.681211374 0.774652288223
40.707650513 0.774652288223
40.734448541 0.774652288223
40.758667447 0.820509680291
40.778905991 0.832286488454
40.824265413 0.787724144041
40.914519135 0.899183919552
40.96526364 0.918508693004
40.991562408 0.918508693004
41.012516086 0.941647246852
41.024267922 0.941647246852
41.058248663 0.899197779378
41.093492648 0.944798358116
41.123566656 0.934513711105
41.137001658 0.90903232872
41.162416851 0.888262839883
41.198099191 0.932617576045
41.221337664 0.964787590075
41.245337729 0.945555889143
41.279764951 0.953856048117
41.321927924 0.927334124218
41.429297518 0.884761453947
41.444631133 0.838884367657
41.46905261 0.841624552079
41.488889006 0.834278627254
41.5108211 0.832223480759
41.521248445 0.83379231421
41.534920833 0.821588484185
41.570575513 0.816852277924
41.603513239 0.81536855273
41.623116458 0.826174185392
41.640304527 0.822397855689
41.66204106 0.824845925592
41.687424607 0.814276981064
41.695930306 0.821456127177
41.720573892 0.836110810917
41.746387295 0.850262589319
41.770709449 0.865002326762
41.786422924 0.872352223709
41.82365235 0.866924041655
41.847389574 0.865385986246
41.857161102 0.877540888704
41.868536016 0.868095154599
41.915124933 0.857776151735
41.962206712 0.871283097975
42.016814334 0.885319782575
42.034563281 0.889411860514
42.061748438 0.894983945402
42.083946628 0.90165316334
42.124933592 0.87216783533
42.172586143 0.608863166592
42.206045703 0.672374076964
42.23895096 0.736662891678
42.277534347 0.704727455438
42.291277242 0.831966753478
42.556878218 0.873860572252
42.573391344 0.879800577158
42.606417661 0.883085808295
42.651234464 0.881956387964
42.66431877 0.877037784256
42.697510902 0.885498119621
42.72218192 0.884824195336
42.762813047 0.890335449053
42.772591186 0.902873062566
42.823751309 0.902351561402
42.865030727 0.883614038144
42.885177241 0.88641216478
42.968940514 0.913507606061
42.996000931 0.909893781101
43.034141886 0.912898657796
43.055375788 0.909089815749
43.064501985 0.920259565538
43.099407537 0.927693772108
43.109632545 0.940831908947
43.145413901 0.91355126147
43.192344386 0.930592628989
43.207106959 0.951961306448
43.240991735 0.950589517607
43.252543841 0.985235476016
43.267209113 0.986432781319
43.293657606 0.933858949841
43.317488792 0.952403983804
43.339229322 0.934014123708
43.376499684 0.930482640365
43.395621218 0.921516240892
43.423287841 0.929562924929
43.444566805 0.862468834529
43.480275616 0.862866250233
43.52064801 0.803111381879
43.773465248 0.904121463817
43.789084633 0.892807931042
43.827645552 0.867215381697
43.835707732 0.889623606375
43.866384287 0.88585479565
43.883182303 0.88686791101
43.917978527 0.883286603572
43.939849059 0.904904893998
43.961215119 0.894917438914
43.99726309 0.90620293401
44.007341391 0.909347888798
44.039357272 0.894275649024
44.071087844 0.891367341088
44.091799717 0.874299754734
44.130749621 0.865266592687
44.142258487 0.874743449216
44.178529269 0.870717224743
44.201202387 0.86900941055
44.226418196 0.873375420212
44.257162119 0.866223850062
44.275732194 0.858734066738
44.320887976 0.830989622584
44.329675067 0.841652675366
44.340998194 0.841652675366
44.363987064 0.827333856862
44.446570692 0.858164521437
44.458339567 0.85765469143
44.487614802 0.851812893402
44.498814691 0.888849616459
44.501541739 0.888849616459
44.528283077 0.888849616459
44.54982071 0.888849616459
44.619358232 0.81665767946
44.633376472 0.764738622644
44.670478306 0.772098032445
44.681923727 0.772098032445
44.703341407 0.748778606026
44.738980044 0.758791474374
44.752121167 0.751691100123
44.785347011 0.868977330077
44.818044128 0.954906241893
44.887702106 0.851555163372
44.915153667 0.905240639023
44.95023773 0.905240639023
45.073119053 0.924312628649
45.087684512 0.924312628649
45.236853527 0.942340988732
45.248366158 0.949363747448
45.27434794 0.949363747448
45.395830502 0.98639143189
45.424964069 0.987756778558
45.446128667 0.979901367392
45.469253011 0.982836883021
45.594086719 0.985881649176
45.614836067 0.985881649176
45.636343672 0.985881649176
45.676134188 0.985881649176
45.688283019 0.985881649176
45.716039631 0.985881649176
45.757935803 0.985881649176
45.796193216 0.985881649176
45.838795094 0.985881649176
45.907438229 0.985881649176
45.998736641 0.985244282793
46.046855376 0.985244282793
46.159962207 0.985244282793
46.171536419 0.985244282793
46.213350545 0.985244282793
46.315177631 0.997156532913
46.334289126 0.998779257631
46.356850673 0.998779257631
46.401370014 0.998779257631
46.433113509 0.998779257631
46.448055643 0.998779257631
46.483389553 0.998779257631
46.494941682 0.999188099456
46.516464867 0.998599783268
46.559328855 0.998599783268
46.598633625 0.998599783268
46.623403227 0.998599783268
46.63661642 0.998599783268
46.67886035 0.998599783268
46.71833371 0.998599783268
46.730677779 0.998599783268
46.763009697 0.998599783268
46.788470958 0.997964087299
46.810862803 0.997964087299
46.85195005 0.997964087299
46.877203055 0.997964087299
46.89028502 0.997964087299
46.943818282 0.997964087299
46.978965786 0.997964087299
47.033825523 0.970056123011
47.056069617 0.970056123011
47.109031799 0.970974139242
47.120125747 0.970974139242
47.135606775 0.970974139242
47.147319554 0.970974139242
47.155947857 0.970974139242
47.26428605 0.970974139242
47.401103142 0.975989748857
47.426516358 0.975989748857
47.453197516 0.975989748857
47.489655965 0.975989748857
47.4969727 0.975989748857
47.515072944 0.975989748857
47.526271426 0.975989748857
47.578407583 0.975989748857
47.627224471 0.975989748857
47.657882799 0.975989748857
47.669786296 0.975989748857
47.698682233 0.923380059492
47.724216616 0.923380059492
47.741178054 0.921762179892
47.788915791 0.99723622246
47.850465061 0.998634384874
47.873405381 0.998919998967
47.978321101 0.97814796194
48.077701281 0.985963627821
48.120909648 0.99262951596
48.143655634 0.988791565981
48.168623496 0.985045468283
48.249651523 0.936251435966
48.30220714 0.974544521254
48.324826903 0.912409262451
48.373979777 0.984122993062
48.421927914 0.999726831039
48.454089854 0.976474938815
48.49043554 0.99678064316
48.550875022 0.985839517187
48.581575454 0.998544125677
48.609251048 0.999536684877
48.637993219 0.991792132672
48.673896115 0.985535130743
48.715440459 0.992977198031
48.748041335 0.998705759947
48.786532989 0.999940843103
48.822885467 0.998942838974
48.851226177 0.999625013592
48.891494994 0.999429366916
48.982695625 0.995699442408
49.017481075 0.93538408833
49.044733306 0.929717334554
49.065886092 0.939028813013
49.177442905 0.883822604596
49.226456063 0.938143096916
49.36226291 0.999695100917
49.366414122 0.960772553626
49.404021667 0.880814822739
49.504710823 0.937545865385
49.546258059 0.928434188371
49.57558732 0.976694201566
49.622573858 0.95030168726
49.685301656 0.910745880605
49.713417652 0.95595502948
49.73383943 0.953290472487
49.768063402 0.964013291512
49.79640582 0.950069305223
49.824993102 0.943818666625
49.85213469 0.968240435838
49.885645601 0.975602047527
49.9110539 0.964013291512
49.946451503 0.980462426277
49.97344033 0.978773045493
49.994589322 0.983357179386
50.042873261 0.985166060699
50.066557563 0.985050388198
50.104235943 0.983318904051
50.119200985 0.985049779049
50.152790912 0.984550925848
50.167804224 0.984676406409
50.185540482 0.983638173354
50.219174278 0.982876857819
50.300998359 0.982027362657
50.318916449 0.984770040222
50.327478295 0.985197053193
50.358098799 0.984965914122
50.376376872 0.984711244398
50.396488113 0.984985992045
50.421117601 0.985113095944
50.439718334 0.984302190991
50.533505407 0.984767653043
50.569695201 0.985197053193
50.639592077 0.985197746618
50.770016639 0.985197746618
50.861609997 0.996900781825
50.996503467 0.996167657751
51.032946972 0.996167657751
51.068693675 0.980051664878
51.083015972 0.980051664878
51.107761319 0.980051664878
51.133525586 0.980051664878
51.145416081 0.980051664878
51.179087119 0.992140614963
51.191304087 0.985912882172
51.220388157 0.985112948153
51.259539855 0.966604431753
51.270326173 0.961672370693
51.285695619 0.946662452015
51.353145293 0.986506662452
51.397079604 0.935019438274
51.424138623 0.910338587724
51.45977061 0.92389425306
51.496245398 0.912652757175
51.554068504 0.944053022218
51.587670918 0.929553056912
51.598539613 0.934205814382
51.617061053 0.947862885319
51.654885255 0.94813786421
51.722793466 0.961239697558
51.75105953 0.952697595219
51.78103125 0.961079109802
51.790773517 0.966680249773
51.808039851 0.972533949326
51.875179641 0.981647514765
51.904516317 0.975715766869
51.915197248 0.978944336715
51.934153871 0.973012985243
51.950469721 0.98659127455
51.965377195 0.982839187373
51.978200298 0.986171803628
52.010013509 0.987802852494
52.052902878 0.99191433731
52.079714861 0.991800442251
52.127358817 0.98659127455
52.139583311 0.988176675468
52.165560325 0.98929450278
52.216319587 0.987328078925
52.268721071 0.983717380789
52.286175717 0.979830333571
52.376977656 0.983662299192
52.411251132 0.983662299192
52.51452947 0.983662299192
52.555151155 0.983662299192
52.564530943 0.983662299192
52.575656258 0.983662299192
52.700108878 0.983662299192
52.745885002 0.983662299192
52.760200841 0.983662299192
52.785064639 0.983662299192
52.842121138 0.998866856011
52.86576433 0.996982557367
52.895859626 0.99832345318
52.930576934 0.999012567606
52.961620469 0.88360726616
53.001093374 0.885095697696
53.018971133 0.896952407833
53.036649529 0.896952407833
53.058859303 0.919382417091
53.080958828 0.93379796808
53.108335903 0.94049643221
53.127051004 0.936355017364
53.190441738 0.929558820776
53.21718085 0.948575661912
53.240343458 0.981519519811
53.264385873 0.983886033397
53.294234587 0.991698429972
53.348192328 0.992648523747
53.387478888 0.937881861393
53.405057805 0.921701084591
53.419484078 0.922425237407
53.444538899 0.924588337986
53.480257302 0.903079591189
53.51253898 0.911088589634
53.609780277 0.950883107191
53.630726291 0.95557816095
53.750239541 0.986739040984
53.789725088 0.988924010866
53.808503859 0.995795292293
53.832751627 0.999095026633
53.873118629 0.985469626681
53.897758029 0.958754224408
53.93032346 0.948014888196
53.94527019 0.974853191357
53.960321844 0.950926122349
53.986852414 0.932978479184
54.01613081 0.962606985838
54.04276852 0.915342338529
54.067505515 0.922348426657
54.089750229 0.921588315412
54.118899194 0.874294660293
54.132436087 0.861526813332
54.161598633 0.862462210574
54.22751824 0.853656526689
54.253952834 0.895467635913
54.277907922 0.92907133647
54.310606017 0.925837428326
54.37058629 0.934087352168
54.396287778 0.937007266824
54.406892984 0.965253077186
54.438700265 0.947082824585
54.517713165 0.97482327638
54.556294083 0.94185065876
54.579230494 0.94185065876
54.6368198 0.957931331892
54.680906404 0.979616678748
54.718833535 0.969450422699
54.754985191 0.980985795754
54.828107079 0.99169930426
54.952524132 0.983253261705
55.01455462 0.963887445264
55.110931447 0.909798782191
55.156092342 0.890792378222
55.174895194 0.880361280555
55.20134582 0.848239049731
55.226286073 0.830178662154
55.269761606 0.89136132219
55.296708629 0.92929995972
55.3231272 0.921458343877
55.346054447 0.955032047534
55.358399133 0.95404086408
55.385022077 0.954015407558
55.415495864 0.940072264427
55.433997058 0.93523936756
55.463736209 0.921562816171
55.475343926 0.958254657096
55.511694747 0.94927620635
55.528214888 0.949740617675
55.552255289 0.95163363826
55.58127375 0.97926922942
55.635498235 0.964332459126
55.71818675 0.996836929794
55.739687022 0.996836929794
55.795025705 0.989857036117
55.884350794 0.993171529997
55.965725472 0.993169562287
55.995487605 0.993169562287
56.030906192 0.9975605112
56.065180505 0.9975605112
56.081473277 0.9975605112
56.115358969 0.952644104702
56.142953869 0.785737713228
56.186947821 0.977903599064
56.244036633 0.956491814891
56.272076327 0.956491814891
56.283939537 0.969090351609
56.398389983 0.98040660329
56.416613769 0.986097557143
56.44281038 0.986097557143
56.44876058 0.987753564594
56.477336322 0.987753564594
56.533466779 0.902388267439
56.587659563 0.913441652411
56.601562109 0.905594382668
56.655827951 0.971254356424
56.688042412 0.971484842312
56.726957609 0.960992141783
56.759998584 0.98195113041
56.833170122 0.97481761814
56.871089423 0.959392255808
56.953511217 0.979188947293
57.012507951 0.918947228415
57.028137652 0.960333732044
57.09224083 0.967654441536
57.147262951 0.958658555318
57.170897698 0.963816323924
57.19839264 0.983218931519
57.225880957 0.976758718491
57.252383059 0.984299121399
57.286781732 0.954973714511
57.316214874 0.920556563241
57.367606689 0.938310394013
57.382745641 0.934853687551
57.415727884 0.963827043794
57.474901791 0.969825331534
57.506674724 0.977735282822
57.531929235 0.97779445313
57.562008101 0.980772679813
57.611894596 0.977404793837
57.648511979 0.872805117921
57.669766052 0.872800270087
57.693583984 0.885924532346
57.717562898 0.885527716582
57.754377782 0.898384882304
57.784380352 0.935989316974
57.811624674 0.935589927472
57.833942703 0.935598767201
57.851606952 0.943405999243
57.871155769 0.927779006452
57.952716976 0.859208664239
57.971976954 0.878017151218
57.999803858 0.87806620745
58.033056357 0.844209872651
58.093312132 0.842858111673
58.107301517 0.847663254279
58.140779177 0.943100566792
58.164426324 0.942117032718
58.191759736 0.942563660667
58.286490934 0.939765555735
58.308951546 0.834775729623
58.344636744 0.817657890035
58.425049944 0.780032391646
58.445566152 0.798843787142
58.480330895 0.800071336871
58.513880044 0.816737524222
58.56019504 0.818375126329
58.596347968 0.892793538445
58.617246249 0.885234110751
58.636252842 0.870160947819
58.666687009 0.893563242431
58.76250171 0.82893283294
58.955610897 0.952667558205
58.980194078 0.860753908233
59.100355885 0.907967195945
59.133900652 0.848243076824
59.23920643 0.734221172923
59.260388055 0.751878602707
59.309921838 0.80758576456
59.381571586 0.83261726465
59.43209062 0.848072369841
59.469630326 0.863216697769
59.518622383 0.858688772206
59.547114495 0.88469962859
59.599202222 0.908989142059
59.639656804 0.911188865205
59.666357565 0.912653281745
59.699136705 0.81770260469
59.752026524 0.816072455658
59.758063464 0.808777456901
59.794461841 0.807481215941
59.807578712 0.807481215941
59.841071847 0.836475347579
59.91109198 0.883665455815
59.958935906 0.881305921858
60.031716182 0.883652094349
60.105644867 0.918857150545
60.109529455 0.943519008844
60.128399548 0.950416993766
60.198088875 0.821449767114
60.269747235 0.818563805513
60.396500166 0.937937191848
60.424352672 0.944816816351
60.555109919 0.985599769653
60.578483016 0.988534600353
60.721183878 0.98728724191
60.755573518 0.999482686434
60.883574195 0.956962333693
60.904955567 0.931302906813
60.928739345 0.944523496193
61.025672634 0.915020676604
61.069712241 0.848729085907
61.170584231 0.780852159216
61.226198121 0.776843199921
61.24663915 0.765226748615
61.311728913 0.887288446524
61.371207605 0.967344315042
61.391292892 0.957018698163
61.45433757 0.960378023724
61.515062043 0.956746326742
61.533742983 0.96603521386
61.581739341 0.949637853956
61.617514517 0.94253192443
61.644976092 0.94831804465
61.736532166 0.93938925432
61.773535309 0.894921288959
61.80623383 0.86981577422
61.89624209 0.86034341743
61.936052031 0.877201894809
61.959423573 0.866658644497
61.996173875 0.883575291677
62.042990275 0.915265056094
62.094724093 0.939911928625
62.123469434 0.942118199843
62.135282326 0.922825237431
62.232706883 0.958076329545
62.245274106 0.958076329545
62.275974445 0.966269152213
62.397682304 0.93770936016
62.411957536 0.93770936016
62.43609376 0.93770936016
62.479456707 0.95517535385
62.541264102 0.958448734231
62.55547691 0.958448734231
62.565894536 0.973780380522
62.602407005 0.973780380522
62.62274048 0.960506259957
62.648205881 0.961723992006
62.718851037 0.96830859826
62.727216364 0.96830859826
62.790190419 0.846691626324
62.830900342 0.893526836607
62.875419159 0.932287998902
62.920278711 0.893300373736
62.935702425 0.893300373736
63.036741352 0.821843202984
63.049398723 0.821843202984
63.084076757 0.84964771174
63.200265041 0.891821168182
63.211262326 0.913303337274
63.230645889 0.913303337274
63.314543344 0.934086925365
63.351843571 0.934086925365
63.371492346 0.934086925365
63.440167517 0.93625431986
63.479517054 0.82348389898
63.514161095 0.82348389898
63.562426688 0.825467288635
63.598525912 0.852518504589
63.626589444 0.898055289442
63.653507963 0.898055289442
63.665921363 0.898055289442
63.716637129 0.887532030117
63.752768427 0.917343910458
63.814036675 0.92211719041
63.91290608 0.92508285746
63.936463669 0.891553733195
63.972517256 0.928045610401
64.040913701 0.928045610401
64.076471763 0.923123516845
64.087464472 0.923123516845
64.139760414 0.835182037318
64.151304542 0.81185840678
64.17717316 0.803322323387
64.209614752 0.808615944478
64.232435101 0.787298153438
64.261212648 0.794839319002
64.273549966 0.813757870175
64.294029239 0.796015277324
64.355123394 0.794478361927
64.421865484 0.930631934188
64.444226273 0.925119848045
64.455592675 0.920400956682
64.546018917 0.917240626334
64.625857709 0.930146770656
64.671190139 0.929361046697
64.704102885 0.926073243329
64.753719291 0.950924640156
64.827593326 0.979896766361
64.857809636 0.904500322403
64.908935123 0.989728207633
64.958276415 0.955156154735
64.977330574 0.978132030883
65.025766881 0.996442662933
65.06973146 0.974074854127
65.102170711 0.968431816552
65.138581439 0.980571321991
65.201538457 0.943959609572
65.245111634 0.918806021287
65.296746147 0.89829668144
65.360376785 0.889643205303
65.400804211 0.889871928924
65.444750597 0.892339013816
65.482670515 0.917631518471
65.514809369 0.928792918891
65.557744643 0.913659229824
65.598394183 0.915436934416
65.62773093 0.838201765073
65.669753232 0.903751340416
65.749694421 0.879973606326
65.792753487 0.833493594491
65.836457732 0.78960777903
65.929507602 0.777191882408
65.975332887 0.78740752952
66.005532179 0.782229444851
66.144850256 0.853023683566
66.183394253 0.726005074307
66.310100366 0.654958798353
66.358194371 0.695290663387
66.446033048 0.731571570655
66.499219036 0.678922320897
66.578807466 0.71203391781
66.609453199 0.760879158822
66.66318397 0.760293765546
66.728024817 0.80744496964
66.748094482 0.82299468883
66.786195329 0.81869771443
66.875467818 0.853266301554
66.909094428 0.834858909379
66.959404618 0.895862470689
67.06900235 0.924774771783
67.101211573 0.929310936941
67.119817668 0.891706469439
67.139209715 0.919759505244
67.211315712 0.933280379029
67.236908928 0.931475456772
67.283025591 0.945993168975
67.303564048 0.938822775261
67.401477302 0.937423501967
67.427043599 0.958991357987
67.455247467 0.958991357987
67.518908742 0.941451482221
67.561091325 0.941451482221
67.59178258 0.941451482221
67.614633934 0.941451482221
67.672495588 0.941451482221
67.714513381 0.941451482221
67.74983289 0.941451482221
67.792765944 0.941451482221
67.837771635 0.861070651292
67.870860333 0.847849440186
67.904301001 0.874881676748
67.929845608 0.874881676748
67.977763123 0.874881676748
68.014614701 0.846378891995
68.038166193 0.846378891995
68.068440211 0.846378891995
68.083951583 0.76761707189
68.155503656 0.767359964747
68.181493872 0.767359964747
68.201718335 0.854769736333
68.249722724 0.930701362687
68.299378543 0.876643320085
68.323582376 0.896778592599
68.351214923 0.897455522967
68.359416354 0.897061385037
68.406102092 0.892071146922
68.444702959 0.830733271886
68.479905688 0.845241951577
68.503271514 0.81193901222
68.584493444 0.848036506392
68.621891466 0.871810679369
68.691644195 0.875265330484
68.752338349 0.802117414511
68.833755056 0.807559001381
68.916834707 0.927252487002
68.979433513 0.954791908658
69.080566543 0.832104273889
69.123251677 0.864902918921
69.214752087 0.871715814407
69.299189294 0.882394467387
69.393920457 0.885829334719
69.481318583 0.887230121716
69.524478292 0.876823919447
69.628164003 0.922842598175
69.7430686 0.932565399895
69.816552917 0.89442869983
69.911486583 0.950537560898
69.944441906 0.914017506342
69.98090105 0.955555445508
70.00879603 0.969430852515
70.067204509 0.972551227287
70.183796335 0.964682596815
70.217221482 0.897754847128
70.280066806 0.888917064541
70.40485847 0.864610955881
70.431740562 0.883827516137
70.464581406 0.895552661036
70.504069801 0.932769945908
70.5731491 0.956454906445
70.598492531 0.934274694457
70.715427016 0.94312930222
70.760304112 0.869508049902
70.852723414 0.862257129491
70.910635175 0.875579220237
70.960272284 0.876929872922
71.052617264 0.886203919714
71.111943578 0.81571198807
71.220877305 0.761330263661
71.256469184 0.792751171003
71.314870386 0.800118339974
71.392617066 0.80402952623
71.438546411 0.841873033249
71.485681614 0.827167743802
71.5367662 0.857410530724
71.656014244 0.862725398547
71.695095155 0.761312818734
71.802480903 0.764907621168
71.857080451 0.797678968748
71.90410017 0.818334043399
72.037933498 0.827811477954
72.098264166 0.783467437769
72.266334414 0.780168278981
72.28624197 0.770311529711
72.338537902 0.809347082361
72.461544331 0.813843234075
72.502853876 0.761636646023
72.61665805 0.764975144922
72.649713434 0.801731400947
72.687729595 0.849990912417
72.756345349 0.852767074916
72.812262105 0.881263433027
72.852052735 0.849990912417
72.911696886 0.884884252572
72.973563933 0.877244794518
73.011501232 0.896651468411
73.047771788 0.919334975398
73.103475669 0.920357370142
73.157996112 0.921614742986
73.196260481 0.924722522985
73.228133841 0.940096797095
73.266198452 0.958097318093
73.32489721 0.956765319808
73.334428757 0.935573737172
73.371592108 0.96256825105
73.438151377 0.965518961385
73.497897196 0.92214228037
73.524472042 0.920039478206
73.562949327 0.9111980782
73.617889699 0.90529525479
73.670445459 0.934488106226
73.708763612 0.898989753983
73.807879033 0.925769708613
73.890368577 0.934060267266
74.027597163 0.945790129983
74.066987411 0.87239383059
74.124906528 0.928749698771
74.149999007 0.941516245105
74.238526044 0.991552205088
74.300958039 0.968260196707
74.334292609 0.987556602193
74.376056185 0.990156171849
74.392817392 0.988579108819
74.395161392 0.985415124733
74.476268872 0.99860926987
74.526567943 0.999506225016
74.573736097 0.994430360741
74.611082269 0.979131549238
74.664639841 0.925938580224
74.750812247 0.910200018275
74.76674112 0.87892724247
74.813782194 0.934256392315
74.852859297 0.946215874751
74.899007132 0.971602849081
74.972783904 0.99925382924
75.022692711 0.972326932171
75.063013179 0.986848527159
75.095033702 0.985452556854
75.122447236 0.97516497731
75.155242143 0.99399472229
75.211317436 0.996833900282
75.261015618 0.930546779205
75.291774274 0.939581609026
75.331317763 0.942636586994
75.384737754 0.905480887206
75.436407264 0.933439953265
75.481809042 0.914416368779
75.506136487 0.90382303827
75.539512438 0.942101346005
75.582310887 0.869146422119
75.621291905 0.902469501611
75.650424743 0.896918373313
75.710532101 0.867107148854
75.739279412 0.935043310174
75.838512917 0.946041645767
75.868096686 0.946041645767
75.893106055 0.949242018859
76.029873292 0.838132385095
76.175291335 0.921430417812
76.314492378 0.957794779835
76.364715995 0.979350312865
76.450956944 0.975547238256
76.548880549 0.982626784186
76.590667644 0.918522382907
76.675704227 0.917800700894
76.740931047 0.936413793061
76.817572763 0.95774535866
76.838633559 0.97360003364
76.902272079 0.942618368904
76.930827055 0.904661628595
76.9815439 0.923245775457
77.007844222 0.955288409493
77.072439751 0.942864711449
77.157384139 0.908565011322
77.19287304 0.908565011322
77.22238234 0.908565011322
77.368216255 0.899044056648
77.507228882 0.894741722617
77.537911614 0.790773114724
77.583453976 0.838217504911
77.66171175 0.63989645826
77.679336835 0.674046791332
77.710286894 0.701249939361
77.844831427 0.756417231539
77.878761839 0.650127071763
78.00276439 0.623208468101
78.031109259 0.628491685691
78.068490038 0.672389817386
78.166489051 0.785510878484
78.20287736 0.756103118229
